image_width: 1280
image_height: 720
camera_name: narrow_stereo
camera_matrix:
  rows: 3
  cols: 3
  data: [ 790.759221,    0.     ,  690.730757,
            0.     ,  790.416682,  326.233959,
            0.     ,    0.     ,    1.     ]
distortion_model: plumb_bob
distortion_coefficients:
  rows: 1
  cols: 5
  data: [-0.330602, 0.101843, -0.000086, -0.000752, 0.000000]
rectification_matrix:
  rows: 3
  cols: 3
  data: [ 1.,  0.,  0.,
          0.,  1.,  0.,
          0.,  0.,  1.]
projection_matrix:
  rows: 3
  cols: 4
  data: [ 599.871155,    0.     ,  708.99075,    0.     ,
            0.     ,  728.773682,  320.50153,    0.     ,
            0.     ,    0.     ,    1.     ,    0.     ]
